2.1259197966211645e-06 1
2.36213310737675e-06 1
2.680000402083395e-06 1
3.046183237558236e-06 1
3.488319639238773e-06 1
3.968102651677676e-06 1
4.511301091538683e-06 3
4.236955710218442e-06 1
4.729553841950611e-06 1
5.368182503741931e-06 1
6.101879824649852e-06 3
5.531349450359548e-06 1
6.1508398347420524e-06 3
5.410517936486195e-06 0
4.759307448279253e-06 0
4.186532441393715e-06 0
3.6832600920835636e-06 0
3.2463201617183825e-06 0
2.920883190341068e-06 0
3.2373762149908693e-06 1
3.672218182543424e-06 3
4.947242988112454e-06 1
5.496936653458283e-06 1
6.194373812955068e-06 1
7.036604338449165e-06 1
7.998902092942233e-06 3
7.0501748588500636e-06 0
6.3451573729650575e-06 0
1.4110560799618574e-05 1
1.567840088846508e-05 1
1.7788210390740013e-05 1
2.005690377984249e-05 1
2.2785141783550483e-05 1
2.5901259806623035e-05 1
2.944518153839937e-05 3
2.5952771540917836e-05 0
2.3357494386826054e-05 0
3.0626094357479574e-05 3
2.4217533335714184e-05 3
3.129828611771129e-05 1
3.477587346412365e-05 1
3.945558976978967e-05 3
3.100203025643854e-05 3
2.3765630013025785e-05 3
1.8218354543808514e-05 3
8.678075817229321e-06 3
6.735912455860394e-06 1
7.486585262631076e-06 1
8.494263137782272e-06 3
2.7415649138024123e-06 2
5.152561012596125e-06 3
6.984497317184314e-06 3
7.0440099891427025e-06 3
4.1738942261657355e-06 3
6.1415083344430325e-06 3
9.171404283467024e-06 3
2.0052023152582777e-05 3
3.376146109941912e-05 3
3.402899373053286e-05 3
2.690837037301576e-05 3
4.4846618713603135e-05 3
3.444670028493171e-05 3
2.640625557002865e-05 3
2.0242616159787238e-05 3
9.642306463588134e-06 3
7.464204368102479e-06 3
9.654901807587005e-06 3
2.6568210141823974e-06 3
2.056136350501219e-06 3
4.649449963239085e-06 3
5.85993075846625e-06 3
6.30227999964009e-06 1
7.002533332933435e-06 1
7.94484954687139e-06 1
9.10977911264657e-06 3
8.012881980266565e-06 0
1.749276620615454e-05 3
2.226145093490123e-05 1
2.5303152428189433e-05 1
2.8764965239565828e-05 3
4.744931592267687e-06 1
5.394174212237989e-06 1
6.132259714733206e-06 1
6.971338315594799e-06 1
7.99347722133875e-06 1
9.170916045022711e-06 1
1.0433954438397805e-05 1
1.1881586432169372e-05 1
1.350929695396737e-05 1
1.5357968117372996e-05 1
1.7459421471007322e-05 1
2.0022432149806834e-05 1
2.2779116317797747e-05 1
2.6121344871351755e-05 1
2.971756099104933e-05 1
3.378597525015762e-05 1
3.840912933452244e-05 3
3.0626094357479574e-05 1
3.402899373053286e-05 1
3.860820399797494e-05 3
3.0529373299754917e-05 1
3.470076539034999e-05 1
3.9448298510335854e-05 1
4.484596250025229e-05 1
5.0982241523854404e-05 3
4.481300647452787e-05 0
3.908212044673115e-05 0
3.435288965839183e-05 0
2.9959689961551023e-05 0
2.6334344896727937e-05 0
2.2966622531906755e-05 0
1.09398514074537e-05 3
9.623276556379167e-06 0
8.46663240379635e-06 0
1.0975824845909382e-05 3
2.952023349096078e-06 3
2.2845959450062173e-06 3
5.1660555147101615e-06 3
6.66197563868223e-06 3
1.0451686180792683e-05 3
1.9436406895727268e-05 3
1.962108297853101e-05 2
3.2700841383986147e-05 3
7.031373454755795e-06 2
1.1536364511248797e-05 3
1.5340771785260143e-05 2
4.404651686352287e-05 3
4.426246762860384e-05 3
5.873135957892438e-05 3
2.018794238119552e-05 2
1.2543482597763669e-05 3
1.2477634176822902e-05 3
3.3492709355816905e-06 3
2.946192088205737e-06 0
2.592029226497207e-06 0
5.861240762986003e-06 1
6.662093539089008e-06 1
7.573557864716379e-06 3
1.0811773182802548e-05 3
1.3617816690396683e-05 3
1.1891118593400606e-05 0
1.0702006734060546e-05 0
2.205192337922637e-05 3
1.765897468067791e-05 2
3.717530186719163e-05 3
3.7970535482530067e-06 1
4.218948386947785e-06 1
4.786683416796314e-06 1
5.440713656754337e-06 1
6.185076727460085e-06 2
1.3083097051596289e-05 3
1.1531804785794999e-05 0
1.0383290822244498e-05 1
1.1722259717699899e-05 1
1.3318226597157894e-05 2
1.1738589274970506e-05 0
1.0564730347473457e-05 0
3.975051762902532e-05 1
4.416724181002813e-05 1
5.011073484372327e-05 1
5.7717110878381966e-05 1
6.568783301536651e-05 3
5.773911466120088e-05 0
5.0355221319489e-05 0
4.4382730433934816e-05 0
3.994445739054134e-05 0
5.3023571335799496e-05 1
5.891507926199944e-05 1
6.684315782935492e-05 3
5.303860399502777e-05 3
4.104702615343014e-05 3
1.761086811501166e-05 2
1.5549124947725313e-05 0
1.4270241939620784e-05 3
1.8794134663822255e-05 3
1.4184950544063035e-05 3
3.840228217107992e-06 3
8.684761171859108e-06 3
1.2013081314225052e-05 3
1.549088397159337e-05 3
2.5064995998285077e-05 3
4.2262007583497384e-05 3
1.4998726786889309e-05 3
9.133665921514622e-06 2
1.170662170586032e-05 2
4.416724181002813e-05 2
7.533392241409171e-05 3
7.66466301267942e-05 3
5.893178221669752e-05 3
4.5607806837144594e-05 3
1.5522092680260545e-05 2
1.613421216268134e-05 3
2.0882371848691393e-05 3
1.6125880824875276e-05 3
4.3688812751924075e-06 3
3.865959406756736e-06 0
3.6351730427877705e-06 3
7.645120756572306e-06 1
8.691201832126142e-06 1
9.880420943252637e-06 3
1.3629656454040521e-05 1
1.5491949550321315e-05 1
1.7611457369700823e-05 1
2.019549661331531e-05 3
2.2125613460752546e-05 1
2.5071628105622432e-05 1
2.8494225795252723e-05 1
3.267439531925419e-05 1
3.7172734565038824e-05 1
4.2261776526303634e-05 1
4.804472890796313e-05 3
3.811474884758585e-05 3
2.8501918454474726e-05 3
2.507139228348545e-05 0
2.2053759281788017e-05 0
1.9399239246275587e-05 0
1.7063269200303263e-05 0
8.03555950551755e-06 2
1.0209535135138071e-05 2
8.998610946095581e-06 0
8.098749851486023e-06 0
8.587387326737152e-05 3
3.975051762902532e-05 2
8.57061943737145e-05 3
0.00010923665106443215 1
0.00012137405673825794 1
0.00013770710881785066 3
6.917048022844074e-05 1
7.685608914271194e-05 1
8.719845175574355e-05 3
6.686210846561114e-05 3
5.881537168862679e-05 0
5.174515368313072e-05 0
1.3969883412234491e-05 2
1.8333198010019096e-05 1
2.0840887549849107e-05 1
2.3692468801169613e-05 3
2.0840814759604013e-05 0
1.8332389229518028e-05 0
5.00834617661617e-06 3
4.058316908863848e-06 3
6.7249696950014525e-06 2
1.1330593798735283e-05 3
2.28349645685745e-05 3
5.509397674535266e-05 3
4.2349720941762056e-05 3
3.2401843393779054e-05 3
7.0810012121189465e-06 2
8.974225796688136e-06 2
9.541541474152391e-05 3
9.743968068697067e-05 3
0.0001565227700140833 3
9.998498538406818e-05 3
7.6663178501656e-05 3
4.1459075593234435e-05 3
2.7290307796147854e-05 3
5.697712175122075e-06 3
4.606359672855517e-06 1
5.206369310157963e-06 1
5.9157986908653935e-06 2
1.2890562856595735e-05 3
1.714490054831605e-05 3
2.2812192904574257e-05 1
2.59473702140446e-05 1
2.97545394431483e-05 1
3.3640290296463195e-05 1
3.822516265009858e-05 1
4.345374879434184e-05 1
4.9399363155349345e-05 3
6.267895202918022e-05 3
5.509432820424479e-05 0
4.80486340067646e-05 0
4.223457918246559e-05 0
3.683539596651398e-05 0
3.2471893342734695e-05 0
2.9280251220648512e-05 3
3.784299854577435e-05 3
6.3577556961081235e-06 2
6.912719047686402e-06 1
7.827803746958852e-06 2
8.659853500659178e-05 3
9.548063429805374e-05 1
0.00010825526684871664 1
0.0001241044921876179 1
0.00014118705947065852 3
0.00012433108741493744 0
0.00011077299159671156 3
0.00014114931142375305 1
0.0001568325682486145 1
0.0001779371978030577 3
0.00015652662144656688 0
0.0001377499025121127 0
0.00012181487933770586 0
0.0001137495366988287 3
9.998663458602358e-05 0
8.721677622191481e-05 0
7.712350891195099e-05 0
6.784309977455822e-05 0
5.970063950975461e-05 0
5.275254102624939e-05 0
4.606563954803826e-05 0
4.0518550199494574e-05 0
3.561535739537312e-05 0
3.1059241486472334e-05 0
2.7364070838540455e-05 0
2.4512058161087405e-05 0
6.4777296533662085e-06 3
5.031543273341345e-06 3
1.4655320265073531e-05 3
1.9049889498128945e-05 3
1.7867897335614793e-05 1
1.994247812442369e-05 2
3.263784665107213e-05 3
5.615867378254145e-05 3
7.188160734897996e-05 3
3.2540470147904186e-05 3
4.20477761619715e-05 3
6.885741378015369e-06 2
9.630281224662586e-05 3
0.0001618986214032118 3
0.000124957366039227 3
0.00020495752890998793 3
0.00012976358722872916 3
8.373062453973247e-05 3
5.703506392930829e-05 3
2.6079564242995967e-05 3
7.36411797235213e-06 3
6.477932324581264e-06 0
5.699964077511545e-06 0
1.2971718905137604e-05 3
1.666070321972829e-05 3
2.172964310909371e-05 3
1.794823031198132e-05 2
3.6987577902702204e-05 3
4.169521227271808e-05 1
4.736583982898134e-05 3
6.38428778994568e-05 3
8.177839711895522e-05 3
1.3174007361859069e-05 3
1.161147547672018e-05 0
1.0450327929048162e-05 0
3.692005868894546e-05 1
4.19647115748569e-05 1
4.7706057151668896e-05 3
4.20477761619715e-05 0
3.784299854577435e-05 0
6.058003810874437e-06 2
0.00010927030135312666 3
9.631005886401808e-05 0
8.667905297761627e-05 0
0.00018418739018623767 3
0.00014196024295743575 1
0.00016137540742457444 1
0.0001834555377264262 3
0.0002054541795030911 1
0.00023326318655273178 3
0.0001907133785653852 3
0.0001677585176297214 0
0.00014756312213065997 0
0.0001086852913367085 3
9.480186263908256e-05 0
8.339163206776652e-05 0
7.335692589010709e-05 0
6.45522657246245e-05 0
4.92103907324864e-05 3
4.3288007038581025e-05 0
3.8084339391855965e-05 0
2.9473430874689014e-05 3
8.444587504711902e-06 3
1.4413021005708448e-05 3
1.8940400488730464e-05 3
2.4710065499089018e-05 3
4.170204406060871e-05 3
5.3843544104242855e-05 3
7.257851513460255e-05 3
9.297413883647779e-05 3
1.49740426777213e-05 3
5.494554938068353e-05 3
5.339481052022084e-06 2
0.00012527375523908722 3
0.0002094031040246279 3
0.0002069817468086747 3
0.00026748523595890647 3
0.00021680878022062994 3
0.00012364583172739637 3
5.5943790245696425e-05 3
3.3567263228948125e-05 2
3.3489222336814044e-05 3
9.60718134222248e-06 3
1.2971718905137604e-05 1
1.4413021005708448e-05 1
1.6352550992896374e-05 3
2.153202123327768e-05 3
2.809184891267973e-05 3
3.757981049448201e-05 1
4.17553449938689e-05 1
4.737427413501915e-05 3
5.3844303191786254e-05 1
6.121064014769695e-05 3
8.250945200450795e-05 3
9.303993377617754e-05 1
0.00010569639888366892 3
1.7022693845869114e-05 1
1.9351888894906417e-05 1
2.1999810430590364e-05 3
4.9148487555016316e-05 3
6.253333856423868e-05 1
7.109659150614464e-05 1
8.082542103131254e-05 3
4.805532946819875e-06 2
0.000142517812490501 1
0.00016202861051726314 1
0.0001842000091273062 1
0.00020940423972932407 1
0.00023805708507144017 3
0.00018653283304893007 1
0.00020725870338770007 1
0.00023514907211518067 3
0.0003043105545298279 3
0.0002464747853700559 3
0.00011151005435950309 1
0.00012390006039944787 1
0.00014057303149023778 3
0.00011096796087074275 3
5.0449803668983004e-05 1
5.605533740998112e-05 1
6.359858651823784e-05 3
3.0210536906053312e-05 2
3.806989328159511e-05 3
1.0922430205923961e-05 3
1.8747421118219694e-05 3
2.44782533201135e-05 3
3.193573212069348e-05 3
5.3850585599918005e-05 3
7.019149911530154e-05 3
9.304146803828352e-05 3
0.00012119942888065333 3
2.5010049913640478e-05 3
5.460943061668479e-05 3
9.188484913056731e-05 3
0.00027298544159769624 3
0.000269608519363331 3
0.00034597146085620534 3
0.00028019999401259155 3
0.00016117984354182966 3
0.00012329773430082527 3
7.292133187038099e-05 3
4.32788435447924e-05 3
1.2417017142128318e-05 3
1.0944269733540737e-05 0
9.849842760186664e-06 0
2.132801423315928e-05 3
2.7827619023603094e-05 3
3.6305513232780614e-05 3
4.856170928725751e-05 1
5.395745476361946e-05 1
6.121839620711887e-05 1
7.019219716064951e-05 1
7.985498950865286e-05 3
0.00010569829303441703 3
0.00013788488022360877 3
2.2558128190879427e-05 3
2.84321814504782e-05 3
6.195810708238681e-05 1
7.104040239397625e-05 1
8.081996636612522e-05 1
9.188435821070044e-05 1
0.00010445748300956689 3
0.00014102760709345014 3
0.00018664754954334325 1
0.00020738616615927029 1
0.00023529368728440663 3
0.0003105682764706995 3
0.0003423259769283537 1
0.0003881170765999885 3
0.0003419798434763201 0
0.0003067223492258823 1
0.00034618852237885023 1
0.0003933129764796553 3
0.000347252095762886 0
0.0003185398312707241 3
0.00023924959534635186 3
0.00021029531342029036 0
0.00018336823544161512 0
0.00016111833935464809 0
0.0001398896516326647 0
0.00012305168753965883 0
0.00010823410796889338 0
9.513601179744138e-05 0
8.295982602930812e-05 0
7.297428191801624e-05 0
6.418692038085174e-05 0
5.641946696953979e-05 0
4.920068290055413e-05 0
1.4237198904821073e-05 3
2.4247834978419146e-05 3
3.1635279289867754e-05 3
4.1273206594960746e-05 3
9.157944581037921e-05 3
0.00012015377890243397 3
0.00015676164398067898 3
2.506458687875492e-05 3
3.232256414598834e-05 3
5.450045630140408e-05 2
0.00011978375713986003 3
0.00015669734121494459 3
0.0002674431263334226 3
0.0003508328094347904 3
0.0004449470863791129 3
0.0004529927227774483 3
0.0003601188536976864 3
0.0002720037248623774 3
0.00012329773430082527 2
4.3279467527092524e-05 2
1.619712020003645e-05 1
1.8574383005051023e-05 1
2.11316570210466e-05 1
2.4230162829329007e-05 1
2.756581937954915e-05 1
3.16117173219029e-05 1
3.596394268857219e-05 1
4.124246524598199e-05 1
4.6920630128408014e-05 1
5.38072946383993e-05 1
6.121535546523775e-05 1
7.020317945274388e-05 1
7.986888575416354e-05 1
9.158069647247517e-05 1
0.00010418826759827217 1
0.00012001787661318093 1
0.00013659374386337832 1
0.00015664544170825823 1
0.00017821235155623973 3
2.8437475730340455e-05 1
3.232304063117594e-05 1
3.674526890795716e-05 1
4.213658028375295e-05 1
4.7937661829675074e-05 2
6.531677472720133e-05 3
0.0001362747946530852 1
0.00015626958809531174 1
0.00017778377355127662 1
0.00020478812519560526 1
0.0002330710933036918 1
0.0002672430928751582 1
0.00030403295614546416 1
0.0003502446306055192 1
0.0003986193389536141 3
0.0004458922899909392 1
0.0005061932709692765 1
0.0005804396261372736 1
0.000660348434259307 3
0.000581281626738292 0
0.0005155488332028139 3
0.00040919786281891514 3
0.00030922377935951325 3
0.0002725476183691031 0
0.0002452928565321928 0
0.00011096796087074275 2
0.00014188326288123703 3
0.0001248078625436573 0
0.00010980466233172563 0
9.678104079292466e-05 0
8.710293671363219e-05 0
3.80768264182631e-05 2
1.4247825363456423e-05 2
1.8627783897781905e-05 2
5.3807296896559395e-05 2
7.039586230780466e-05 2
9.183079081022901e-05 2
0.00020436913642936347 3
7.257419414133482e-05 3
0.00011995817517250715 2
0.00015638546572615682 2
0.00020556988915553456 2
0.0002674429748412395 2
0.00045360222366301687 3
0.0007572373834445808 3
0.0005814004772203455 3
0.000465169340723609 3
0.00035455217790464664 3
0.00016129698179297267 3
3.356064134797944e-05 2
1.2535088904743325e-05 2
1.6790463452601796e-05 1
1.8954944595604072e-05 1
2.1535559117123347e-05 1
2.4481005066072814e-05 1
2.7830623142631743e-05 1
3.191023097012278e-05 1
3.630305541640237e-05 1
4.127300571492755e-05 1
4.6920655219075724e-05 2
6.335627607702419e-05 2
8.264771172920611e-05 2
0.000184436328196221 3
0.00023250620344358262 3
0.00020492929792089435 0
0.00018443636812880493 0
0.00040954953321186967 1
0.0004550550369020774 1
0.0005162908381642088 3
8.234035113072432e-05 1
9.35909551333385e-05 1
0.00010639546115009049 1
0.00012100107385011288 1
0.0001375623238846972 2
0.00018647003977271338 1
0.00020736882685026578 1
0.00023529200403792788 2
0.0005157117076014711 3
0.0006833791315833719 1
0.0007593101462037466 1
0.0008614889189644978 3
0.0007572505890536979 0
0.0006604951632494966 0
0.0005825945859065263 0
0.0005288167074937119 3
0.0004646439817101612 0
0.0004033605404472722 0
0.0003545486149894857 0
0.00030918419141328073 0
0.0002719689211722254 0
0.0002392191791940882 0
0.00021027058938428493 0
0.00018336726930081646 0
0.0001613065112249305 0
0.00014198914545854636 0
7.357449628791491e-05 3
3.02045772131815e-05 2
1.1048337337151353e-05 2
1.479899390272846e-05 2
2.4529711366193377e-05 2
4.12430549477291e-05 2
0.00020492925355135666 3
0.00026660038125970146 3
0.0005868344257321257 3
9.377619535535725e-05 2
0.0005862808734219748 3
0.000992376475324061 3
0.0006022984988475799 3
0.0003555190835280636 2
0.0002719689408524718 2
0.00012589857073725175 2
8.174944031990545e-05 3
9.943503603436218e-06 2
1.3319094512455614e-05 2
5.076161057570434e-05 3
2.207674022957404e-05 2
1.6939167976241794e-05 3
3.5970269114197306e-05 2
3.170393686887902e-05 0
2.8533543181991122e-05 0
0.0001083842283518757 3
0.00023250615310332933 1
0.0002666003767290787 1
0.00030330225055528277 1
0.0003478335962512256 1
0.0003957239428410496 1
0.00045370454119269925 1
0.0005161597362185244 1
0.0005868226265570141 1
0.0006671212966633912 3
0.000587995919801248 0
0.0005291963278211232 0
8.439857581982153e-05 2
0.0003192532240089888 1
0.00035472580445443196 1
0.0004024605114736086 1
0.00045397743274039435 1
0.0005157481317379872 1
0.0005862841515942613 1
0.000666502246589929 1
0.0007677832208351662 1
0.0008738247143729291 1
0.0009934866969108199 1
0.0011294351513793288 3
0.000995254417108305 0
0.0008934660499005403 3
0.0007853413887720093 0
0.0006848209816952417 0
0.0003199671751752572 2
0.000239219397863493 2
0.00021027284192212027 0
0.00018339032947434363 0
0.0001616389193408252 0
0.00014547502740674267 0
0.00012097069906476887 3
0.0001063337924262398 0
9.27502909308557e-05 0
8.174944031990545e-05 0
7.357449628791491e-05 0
5.640178952856038e-05 3
1.6939167976241794e-05 1
1.882129775137977e-05 3
3.164083404726442e-05 2
0.00012042692039097299 3
0.00020436840069277637 2
0.00034940641559450995 2
0.0007684273371494429 3
0.0008966293457668423 3
0.00045124276114725 3
0.0005862812561176914 2
0.00130102596059985 3
0.0010085003865996428 3
0.0006019464753703257 2
0.00016131962691067164 2
0.00013722661189097355 3
3.854688781870545e-05 3
4.980806917936075e-05 3
6.399165997129257e-05 1
7.273518384410141e-05 1
8.2686338823068e-05 3
2.152384306952661e-05 1
2.4481390459138802e-05 1
2.7832400719606674e-05 2
0.0001083842283518757 1
0.00012042692039097299 1
0.00013663251832012863 1
0.000156642676760528 1
0.00017820462976755115 2
0.0004053448039920343 3
0.00035719931312680757 0
0.00032077802103622005 0
0.000693740781724444 1
0.0007708230908049377 1
0.0008745511363577008 1
0.001002815526513382 1
0.001140871511408875 3
0.0009962548286298247 0
0.0008762881497481962 0
0.0007702415395337567 0
0.0006716459804190867 0
0.0005901467235966409 0
0.0005123719939686732 0
0.0004516009957721711 0
0.000406440896194954 0
0.0005157159597760994 2
0.0011745801058521649 1
0.0013050890065024053 1
0.0014807120950317415 3
0.0013024977349877765 0
0.0011457882001340669 0
0.0005249053355242202 2
0.00046172694154495613 0
0.00040615133078153123 0
0.000191001404927481 3
0.00014192733373837003 2
0.00012070989868579662 1
0.00013720313985686605 1
0.00015597438145079548 3
0.0002086204100037097 3
0.00016145310736995214 3
4.282987535411716e-05 3
5.534229908817861e-05 3
9.400021268777638e-05 3
0.00015664527702589868 2
0.0004607368713711378 3
0.0013088811411542084 3
0.0005908129361159677 2
0.00045070625235264257 2
0.00045364602578632624 2
0.001705652971813974 3
0.00046139113737781297 2
0.00035725009033463044 2
0.00021222378325275667 3
0.0001250937326747331 2
0.00010639283779705686 2
0.00017885717480246809 3
0.00023180045555967746 3
0.00017939234152216903 3
4.8593401790658857e-05 1
5.523297902319544e-05 1
6.278959612597054e-05 3
8.476847476024457e-05 1
9.418760492212227e-05 1
0.00010686227431321019 3
0.0001440488835974104 3
0.0001801124246833075 3
0.00015843602616004657 0
0.0001393884685174166 0
0.00012283652586420952 0
0.00011035407072335651 0
0.00012062760859274243 1
0.00013666141015758067 2
0.0005237726407553761 1
0.0005954399041135477 1
0.0006827736013729637 1
0.0007767703827194375 1
0.000883112047649223 1
0.0010127318906320497 1
0.001152162723881012 1
0.0013098973502767006 1
0.0014891391421326045 3
0.001309904563286481 0
0.0011522428684341286 0
0.0005197743552945271 2
0.0003964993026446368 2
0.00034919153598884743 0
0.0003114122316299064 1
0.00035127198615586265 1
0.00039906775964095194 2
0.0015398802991675794 1
0.0017109781101861993 1
0.0019412208435322434 3
0.00031922122566471864 1
0.0003546902507385763 1
0.0004024201733688292 2
0.00035422785283034176 0
0.00031408347112877916 2
0.0002760780179264537 0
0.00024078229235713998 0
0.00011258435940725978 2
9.575355401735118e-05 2
0.0002034808400887611 1
0.00023133789426733209 1
0.00026299335636956 3
0.00023134256997699618 0
0.00020353279241836213 0
7.19936915888309e-05 3
9.418349748139487e-05 3
0.0001225269298161747 3
0.00016005431510823377 1
0.00018025807068864434 1
0.00020475701522086829 3
0.00012067395936358571 2
0.0005241689432885576 2
0.0007762491665509668 2
0.0017154881106801593 3
0.0010135574685786557 2
0.00045795418933992357 2
0.00027447650448337777 2
0.002225926895656709 3
0.0002760752853051347 2
0.00021180018965567848 2
0.00030293034637696696 3
3.890618359784886e-05 3
8.190447893517722e-05 1
9.392573785713881e-05 1
0.00010685720339873192 1
0.00012252647343387167 1
0.0001393942285530689 1
0.00015848165446560435 1
0.00018016811592077547 3
0.00023478818653660408 3
0.00011114262733096773 1
0.0001234918081455197 1
0.00014010984158732419 3
0.00012346718882167795 0
0.00011086907928828186 0
0.00041862620956583903 1
0.00046514023285093223 2
0.0005195147418651153 1
0.0005951119983637248 1
0.0006769823106121782 2
0.0015765045375875403 3
0.001952426651713858 3
0.0008915638349667955 2
0.0004104106839039632 3
0.00036173302933864 0
0.000325559726404776 0
0.00024702885403504 2
0.0015399912153728358 1
0.0017111013504142619 1
0.0019413606679391437 1
0.00222593947985333 1
0.002532366691035564 3
0.0019992876103118716 3
0.0015472656640132078 3
0.00024075192989803977 2
0.00021177559606380732 0
0.00018629480940438985 2
0.00016375291661027222 0
0.00014282356658573814 0
0.00012588366586991067 0
0.0001132952992829196 0
0.00044253971702382284 3
0.0003447665979058105 1
0.0003919788478171401 1
0.0004456171037106384 3
4.3229092886498734e-05 3
7.204636518798488e-05 2
0.00015840799423621048 3
0.00020648199711069892 3
0.00026711117921818017 3
0.0001606311561144773 3
0.00045698281950590203 2
0.000596687346676675 2
0.0017516717084306002 3
0.002219793483645239 3
0.0007842476157564927 2
0.0004631146804913454 3
0.0017076965438115159 2
0.0029041727032114895 3
0.0022214306781243014 3
0.0017191840711257864 3
0.00021177785993677165 2
0.00016375291661027222 2
0.00012572119462551945 2
0.0004917107966931365 3
0.0005065913671692541 3
4.904634118850906e-05 1
5.574780596138787e-05 1
6.337485833879265e-05 2
0.00014284685777996828 1
0.00015871873086663142 1
0.00018007717736596822 1
0.00020647381264076627 1
0.00023489736626892486 1
0.00026712100539408903 1
0.0003036793116418343 3
0.00024083567398147066 3
0.0001827423091007631 1
0.00020953894128672738 1
0.00023838534996007248 1
0.0002710207965978605 1
0.0003081063149400666 1
0.0003533124757010336 1
0.00040195420661287367 2
0.0005370186120090076 2
0.001987390493886076 3
0.0022229402294407386 1
0.0025235494876431996 3
0.0006897878825932036 2
0.0006060812647827158 0
0.0005261453320246774 0
0.00046282466968841353 0
0.0004071883416491646 0
0.00035889288001721793 0
0.0003230035920154961 0
0.0011627610071726564 1
0.0013213981156728236 1
0.001502160030897882 2
0.003304024322244801 3
0.0029030924558178703 0
0.0025203639422175716 0
0.0022170425889034106 0
0.0019505310634130835 0
0.00018631996354843806 2
0.00014282356658573814 2
0.00012572119462551945 0
0.0001114900632341283 0
0.00044253971702382284 1
0.0004917107966931365 1
0.0005578792866185091 1
0.0006425386110696608 1
0.0007312709571283889 3
0.0006441612339223613 0
0.0005759084294262921 3
0.0002659285711917952 3
0.00034823766739115145 3
0.0002675951933127452 3
0.00016106775883745173 2
0.0002710222682898125 2
0.0022421971507869173 3
0.00289357110879236 3
0.00046279763795134755 2
0.0010269837053074368 2
0.003789215913721846 3
0.0022170425889034106 2
0.00016422107777392257 2
0.00012588366586991067 2
9.807099581153272e-05 2
0.0004907394988408053 2
0.0008385499569600867 3
0.000649824709436917 3
6.341401281515836e-05 3
0.00014220322323001488 1
0.00015800358136668319 1
0.00017926579169874303 1
0.00020375983873548335 1
0.00023163693516369934 1
0.00026563513239232493 1
0.00030220717065134817 1
0.0003481051747020077 1
0.00039618090042393376 3
0.00034823097186054337 0
0.00030360491685729984 0
0.00014496098295370657 2
0.000184466752537512 1
0.0002097073864236027 1
0.00023840170209287238 2
0.0015851160084549409 1
0.0017612400093943788 1
0.001998246381028931 3
0.0025473234646137904 1
0.002895710766719713 1
0.003291915623338854 3
0.0029014707887970313 0
0.002611323709917328 0
0.0004068879890150981 2
0.0015710027287072562 3
0.0011959810340602033 3
0.0010538919270863497 0
0.0009460809944176125 0
0.003419660883838773 1
0.0037996232042653033 1
0.004310930524345449 3
0.0019505310634130835 2
0.0017191840711257864 0
0.0015472656640132078 0
0.00014779896999653032 2
0.0001132952992829196 2
8.626716213209775e-05 2
7.588506138618049e-05 0
6.676288954645892e-05 0
0.000431747518664587 2
0.0009539945318747303 3
0.0007382629022080873 3
7.046001423906484e-05 3
0.00020359902622594823 2
0.0002663632298450403 2
0.0004564380114980616 3
0.00026548412012185405 2
0.00023893570810966865 0
0.0001622641059377091 2
0.0022712775063993052 3
0.0037919369326077697 3
0.0003202190227450659 1
0.00035579891416118436 2
0.001745558587452507 3
0.0013594206921264589 3
0.0049430771503413086 3
5.884433137391918e-05 2
0.0003805391622614967 2
0.0010845988095658304 3
0.0008392329362453886 3
7.994167047617358e-05 1
9.16601044489253e-05 1
0.00010427821494576501 1
0.00011957340686978297 1
0.0001360350216353878 1
0.00015600113063735075 1
0.00017747898603724178 2
0.00023972690686053627 2
0.0005194836178517377 3
0.00023893570810966865 2
6.716658397460773e-05 3
0.00014273373758138164 2
0.0025948938440944714 3
0.003301167218144368 3
0.002906327150264349 0
0.0025820189285267916 1
0.0029120033963166312 1
0.0033081749293200247 1
0.0037934002701460754 1
0.004315635217910213 3
0.0038078102818567983 0
0.0034682861705502815 3
0.0003202190227450659 2
0.0019804547430479678 3
0.0017432552750978585 0
0.0015454103692111613 0
0.003419828463176303 1
0.0037998094035292256 1
0.004311141780053529 1
0.004943096163355036 1
0.005623572102654591 1
0.006477971739401163 1
0.0073726546298299375 3
0.006498204842396354 0
0.005848384358156719 0
0.004703439378288789 1
0.00522604375365421 1
0.00592930149334348 3
0.004636445861920863 3
5.295989823652726e-05 2
0.00034248524603534706 2
0.0012330114835766722 3
0.0010846047767022892 0
0.0009540608333909392 0
7.03198025277992e-05 2
9.185585533997941e-05 2
0.0001196622554344542 2
0.00015519462904601858 2
0.00013967516614141673 0
0.0005906224652060644 3
7.462953774956414e-05 3
0.00012555346413152516 2
0.0028832153823271905 3
0.003752589845210588 3
0.0029100419137848 2
0.004971168079872855 3
0.0038587447471397154 3
0.0022706742452499305 3
0.0017351002184540696 3
0.0037923034737474574 2
0.004956576064363677 2
0.008453953890925752 3
0.0067394537722402495 3
0.005151606513245403 3
0.0014139221389751087 3
6.185610491220669e-05 2
8.211668037677482e-05 1
9.265549242202042e-05 1
0.00010526542121988974 2
0.00013967516614141673 2
0.0009063966989191174 3
0.000671443135307911 3
0.0005922131667271187 0
0.0005371580791967859 3
8.467227801462896e-05 1
9.707273523677086e-05 1
0.00011043485211784476 2
0.0032712036251341826 1
0.003749893121839671 1
0.004266030611824191 3
0.003760048743827633 0
0.0033840438694448696 0
0.0025602246781731086 2
0.005657729518840661 3
0.004976827464904289 0
0.004378517273815049 0
0.003370497383711107 3
0.0029625954717366204 0
0.0025832510103402638 0
0.002269768127845065 0
0.001970386771882796 0
0.001733253221281907 0
0.0015248881784093572 0
0.0033364292433788797 2
0.004460918457927309 2
0.009617796264495132 1
0.01093449433865656 1
0.012430731697348145 3
0.010934740849718266 0
0.009620535276291866 0
0.00848216875577856 0
0.007661502022023871 3
0.006731852902914061 0
0.005844847389719167 0
0.005141430319482683 0
0.004523377042335084 0
0.003986872039490118 0
0.003588184835541106 0
0.0016085816116706273 1
0.0018288007643986017 1
0.00207904743129413 3
5.4411831829881504e-05 2
7.223408278666869e-05 2
0.0010071074432434638 3
0.0007698371761434872 3
0.0005973566594954879 3
7.462953774956414e-05 2
0.0028882344526601307 2
0.004914008738345994 3
0.0022565636445268968 2
0.006488268956607733 3
0.003831930606487421 3
0.0017319610954044968 2
0.0013439229907890272 2
0.0029407047738159876 2
0.01425458664877648 3
0.008723654415205088 3
0.005150961367047684 2
0.002363525138886735 3
4.787096501104537e-05 2
6.355079646090097e-05 2
5.6013215596659185e-05 0
5.041189403699327e-05 0
0.0009019098255774538 3
0.0011426317781984485 3
0.0010043547730036071 0
0.0008758114740318213 0
0.0007704086753399727 0
0.0006777931263799719 0
6.716658397460773e-05 2
0.0033493171517980087 3
0.00295150640925783 0
0.002650661292238254 0
0.005592674053434341 3
0.007480736587489648 3
0.002030907280074207 2
0.007381571975200091 3
0.0064930631978532445 0
0.0057109988660130106 0
0.0050179741750209185 0
0.004356278817226446 0
0.003839592863931906 0
0.0034556335775387153 0
0.0015105312242159098 2
0.0013322938578923349 0
0.0012084840697494223 2
0.002646634296434389 2
0.009619009975766823 1
0.010935878308915093 1
0.012432305445797627 1
0.014254728286136933 1
0.016217062711129812 3
0.014265336182738871 0
0.012550170963596929 0
0.01105831839531606 0
0.00991866572002832 3
0.004629277570835092 2
0.00507776515029409 1
0.005754481690023373 3
0.005068854895495799 0
0.004530274739742969 3
0.003982051038407253 0
0.003472538880171643 0
0.003054579922946838 0
0.002686927000086745 0
4.219312476490397e-05 2
0.0010021220284193932 3
0.0013101846733636208 3
0.0038070142900800048 3
0.006358534897510125 3
0.008311929541655164 3
0.008464989802477478 3
0.0038291114925905075 2
0.0013277323054477024 2
0.00845498383939553 2
0.010957744734598563 2
0.01868261883769341 3
0.011194547886406477 3
0.006597031393943564 3
0.0051118210047548535 3
0.0030544045806195747 2
3.797381228841357e-05 2
0.0006744747676724718 1
0.0007666318743235111 1
0.0008715174632506032 1
0.0009993867158099767 1
0.001136975486564719 1
0.001309675607116585 1
0.0014905528559577288 1
0.0017094374860627134 1
0.0019447996654648368 1
0.0022110497428632003 1
0.002513602188853537 3
0.001994296141585456 3
0.004327871291874301 1
0.0049200493898359276 1
0.005593260461194123 1
0.006358587674208506 1
0.007228634855186463 1
0.008289240385747878 1
0.009430448455285304 3
0.008311929541655164 0
0.007480736587489648 0
0.009630430030505517 3
0.002584215041773792 1
0.002937310209493418 1
0.0033391738959676256 2
0.0008959189683825304 1
0.001018450831649766 1
0.0011578001536979485 2
0.0044144098694119055 1
0.005018428346472793 1
0.005705100565710768 1
0.006485730882133599 1
0.007373175100271148 2
0.009861970261138707 2
0.02126306567122435 3
0.018716331934584447 0
0.016591652676585786 0
0.014583890664879367 0
0.012718355520498676 0
0.011187465478473026 0
0.009839972298545536 0
0.008645836233137602 0
0.0075050963479524205 0
0.006601805406083459 0
0.005807526269355538 0
0.002684978752006045 2
0.0012430205343406196 3
0.0005944772163380871 2
0.0007666318743235111 2
0.001000127858449104 2
0.0028575403851800606 3
0.002215884601761618 3
0.010861907162323768 3
0.009853978831425048 1
0.010948865368250052 3
0.0022777085787124827 2
0.0029371386529570788 2
0.0007885977194024451 2
0.0010176984258292458 2
0.00388314343076603 2
0.006485730876910304 2
0.024383498237035485 3
0.018631338795285935 3
0.006601866080020859 2
0.002109110417041895 1
0.0023434560189354386 2
0.0013811339270451328 3
0.00043424619554897193 3
0.0005350294947042784 1
0.0005944772163380871 1
0.0006744747676724718 2
0.0008797523814631301 2
0.0007738757346595086 0
0.00068084784082637 0
0.0006000943972463108 0
0.0005400849575216798 0
0.0032485385039299286 3
0.002857582626963123 0
0.002514071541998675 0
0.005720848624916724 3
0.0076545433120551246 1
0.008505048124505693 1
0.009649554600519424 1
0.010881626715394839 1
0.012361934322651964 3
0.010895720132043624 0
0.009806148118839262 0
0.012538206200684894 3
0.0020499377208412343 2
0.0025823088580366866 2
0.0006989261668066172 2
0.0007818260670177634 1
0.0008875589037100839 2
0.003416349294915406 2
0.0044144037490573594 1
0.00501842774863123 1
0.005705100507674157 2
0.035853867611897496 3
0.031538279690817565 0
0.02774052139089542 0
0.02115813586962125 3
0.01861179133283953 0
0.016374458649403522 0
0.014432307442261143 0
0.012988843736047674 0
0.00580820042421554 2
0.00511876554887381 0
0.0046013689473246916 0
0.0020437661224701627 2
0.0017964796790846628 0
0.001566990220931453 0
0.00048249577283219103 3
0.0037251681066683816 3
0.006356498472129693 3
0.010859714584018488 3
0.014239435153219165 3
0.014262726317953566 3
0.002032265491414522 1
0.0022580727682383578 2
0.0006151730275274038 2
0.0007807427923701064 2
0.003011145733276908 2
0.0038830808074007033 2
0.04075978078978261 3
0.02426095905376118 3
0.014429718975734983 3
0.005057431697076724 3
0.0018013607825906768 2
0.0013811339270451328 2
0.0005474242163367698 1
0.0006191214649597449 1
0.0007035225746783156 1
0.0007949473174259444 1
0.0009032472663023407 1
0.0010191469017633151 1
0.0011578452441927216 1
0.0013162000284370656 1
0.0014962888351354574 3
0.003361827722723851 1
0.0037353641363598346 1
0.004238024248536652 1
0.004859477325583281 1
0.005575522443070993 1
0.006343419115763578 1
0.007211879130724924 1
0.008306673412233071 1
0.00945383245736769 1
0.010842099591134831 1
0.012334882308607084 1
0.014144581356535752 1
0.01620600131380307 1
0.018593538875920225 1
0.021154319453923393 3
0.018594364064332607 0
0.01621517007394065 0
0.007592050296097924 3
0.002032265491414522 2
0.000544920360156042 2
0.0006054235556984906 1
0.0006868897818326504 2
0.0027100311599492174 2
0.0034157085629360276 2
0.03675695259438591 1
0.04084105843820657 1
0.04633695395643436 3
0.03618424256500176 3
0.031793317236039786 0
0.027600897315426257 0
0.02427868893778062 0
0.021355134580948343 0
0.018771072681622678 0
0.016371263011716902 0
0.01440071969178523 0
0.012666629469939319 0
0.005732479619527779 3
0.0016212247043316092 2
0.0012430205343406196 2
0.0005926621216372882 3
0.0007719396531415725 3
0.0010102640646899698 3
0.0017010257192297798 3
0.004271472751261769 2
0.006350615086920593 2
0.008309906192475605 2
0.012730123220882177 2
0.02426031445834388 3
0.014263375411400046 2
0.008435611440108804 3
0.00047933308904596046 2
0.003004590099349536 2
0.05312936359327566 3
0.041139313597232316 3
0.02432723267192086 2
0.011133850217703118 2
0.0065151984775195975 3
0.0006708567187246653 1
0.0007689997261057439 1
0.0008748427424944741 1
0.0010077076575472617 1
0.001146878778670073 1
0.0013151288145331272 1
0.0014961848450034823 1
0.0017010163601179022 1
0.0019337774371204798 1
0.0022277444393903625 1
0.0025354376173450854 1
0.002882642738024633 1
0.0032771029042760187 1
0.003725512417103459 2
0.003285624947711962 0
0.005655477678148937 1
0.006379710109103399 1
0.007247798911197524 2
0.006388157908672465 0
0.005749342117805218 0
0.03567294459667475 3
0.03137913242413885 0
0.027600525564803424 0
0.012545418350090215 2
0.011023158520624184 0
0.009570773967234558 0
0.008435611440108804 0
0.007592050296097924 0
0.0004216399702174053 2
0.0003708907565575256 0
0.0003262486742380805 0
0.0020454071591232688 1
0.0023248821146632783 1
0.0026429573707928197 2
0.04794682694611198 1
0.053274252162346644 1
0.06044325646567477 3
0.05316823015568347 0
0.04676880464985452 0
0.021894509404728774 2
0.028578470576840913 3
0.00770231861928551 1
0.008558131799206121 1
0.009709781633914106 2
0.00853150926922177 0
0.00740651273057049 0
0.006510268606935939 0
0.005677703279709351 0
0.005004286895064826 0
0.004503858205558344 0
0.0005912867510657971 2
0.000768980275659771 2
0.0016991343870268218 2
0.002977332109535116 3
0.004971114797217485 2
0.040554102072225005 3
0.008418948207716957 2
0.000286968460294276 2
0.0018028071805112598 2
0.06962421359433466 3
0.031753856196489905 3
0.006528047129229703 2
0.004990609209923815 2
0.0005321423210979794 2
0.0005911116970520405 1
0.0006706406026582991 2
0.0008832040517471281 1
0.0010041146923222943 1
0.00114151398477167 1
0.0012977082252625476 1
0.001475274032880367 2
0.0013002959375768197 0
0.0011702663438191378 0
0.0025614835758968413 1
0.002912159386071755 1
0.0033106492151123938 1
0.003809559330611734 1
0.004335309754631628 2
0.003821110882754754 0
0.0034389997944792787 0
0.03657147263620441 1
0.04063496959578267 1
0.04610313217101763 3
0.06102092750140929 3
0.05378340726457185 0
0.04840506653811467 0
0.0074069032695218365 2
0.006528391347456679 0
0.005875552212711011 0
0.00019855926733089706 1
0.0002206214081454412 1
0.00025230037957145327 2
0.0016225264624601338 2
0.04886688891627877 3
0.05407250881817691 1
0.06132652940211336 1
0.06970370815861412 1
0.07923990186719003 3
0.06965083809509255 0
0.06073908425187366 0
0.053428166322276864 0
0.04699453420287995 0
0.04130799424261879 0
0.036026905980955835 0
0.03169065166539652 0
0.027876198009136665 0
0.024519668446283144 0
0.02155497843202718 0
0.005875242416306732 2
0.004351883926213782 2
0.003828140251255514 0
0.0033679363446927815 0
0.0005894880970092549 2
0.000776346121845219 2
0.0013005786550461464 2
0.002251494146430223 2
0.0029179824420468327 2
0.052861266501201494 3
0.0693585442562936 3
0.05378340726457185 3
0.00019855926733089706 2
0.05432143595388005 3
0.09128870284186687 3
0.05342900930608086 2
0.018822744339309257 2
0.01694046990537833 0
0.003825338789964587 2
0.002968252679731278 2
0.00040781348393238747 1
0.00045312609325820827 1
0.0005141023206225845 2
0.0006772315547782812 2
0.0005969070286946767 0
0.000537216325825209 0
0.0011734076490338787 1
0.0013249261980657493 1
0.0015053327279662965 1
0.0017257119951009975 1
0.0019632494439309023 2
0.0026261841978421495 2
0.016524799699322863 1
0.018785868481649353 1
0.02135634136877814 3
0.04653281628147619 1
0.052899938071142766 1
0.060138252599765324 1
0.06927910351514566 1
0.07884772935946516 3
0.0693585442562936 0
0.06102092750140929 0
0.13614999272314182 3
0.12000162579515221 0
0.10800146321563699 0
0.08236636331668862 3
0.06315169061269264 3
0.04889126698179921 1
0.0543236299797769 1
0.061633846853598726 1
0.07066043961228116 1
0.08038690542649048 1
0.09139193316220391 1
0.10389766873311083 3
0.047003900689591066 2
0.04140447946295081 0
0.03701466560424499 3
0.03258421525754164 0
0.02891484575670219 3
0.025485337391652634 0
0.022936803652487372 0
0.016557216133422564 2
0.002646935537349866 1
0.0029410394859442955 1
0.003336808997015812 2
0.0029430395281129325 0
0.0026691582281124994 2
0.00045190065599788663 2
0.0005977859669554955 2
0.00103217492066376 2
0.0013296966650595558 2
0.0017256881668211395 2
0.014536069213187635 2
0.02427853482151815 3
0.040931849376117206 2
0.05289964899829767 2
0.0908338571479963 3
0.15475289679207174 3
0.09151818146298735 3
0.07016854512521405 3
0.11914978278572638 3
0.04176326143719928 3
0.032603426407372474 3
0.014564369095356303 2
0.00030501642835285527 1
0.0003467514651940961 1
0.0003941975143732581 2
0.0005469823065009746 1
0.0006183059424112026 1
0.0007025648578100184 1
0.0007986633617197655 1
0.0009079413882924244 2
0.0012264128378539523 3
0.0015050679693012078 2
0.001323963887178852 0
0.0011650981338319282 0
0.012788682852623499 2
0.027600572960898906 1
0.031646465259574375 1
0.036002979868016635 2
0.046529604360975085 2
0.10337970556252399 1
0.11854177734784238 1
0.13486123931754965 1
0.15463690898556845 1
0.1759251820333197 3
0.1547493398044855 0
0.1361104706388503 0
0.11959450441352268 0
0.1038335910672659 0
0.09127019687227113 0
0.07961097897539716 0
0.17964457090374197 3
0.22854699820378485 3
0.201037714752365 0
0.17682940230332556 0
0.15543170393233222 0
0.13555431185153877 0
0.11947659695293406 0
0.10752893725764065 0
0.047446841398539795 3
0.041765396009402704 0
0.03703838307317195 3
0.032580398737590985 0
0.028658982759130078 0
0.012811378080933642 2
0.011269323485500391 0
0.009912302666046034 0
0.008712784919896837 0
0.007597997337772764 0
0.006683591764686019 0
0.005880154678778662 0
0.0002683082393959711 2
0.0003484985797210127 2
0.00048060855671511443 2
0.001366345849380978 3
0.0013265560991664617 2
0.0010298598357450918 2
0.0112718532215724 2
0.024326966152330095 2
0.040898763026155256 2
0.0911181300387861 2
0.11886572779892841 2
0.20266525553218823 3
0.09151818146298735 2
0.07016854512521405 2
0.1996050787819355 3
0.2598192640445333 3
0.05440400250223548 3
0.04212505636761499 3
0.025209553129793075 2
0.006683493239534497 2
0.005182726104255404 2
0.0002360548047795378 2
0.0003244288119852623 1
0.00036717458912259934 1
0.00041725431610361197 2
0.0003677649576103653 0
0.0003309884618493288 0
0.001230001985393591 1
0.0013666688726595457 1
0.0015505786345359537 3
0.0011939004892498155 2
0.0009570038593469973 3
0.01014466789941516 2
0.021894467266688672 1
0.02432721026293699 1
0.02760087433201853 1
0.03137213013377062 1
0.03566426104183821 2
0.0820063170349075 2
0.10697915501903557 2
0.2306567767273944 3
0.20329922649530954 0
0.18296930384577859 0
0.08236636331668862 2
0.06315169061269264 2
0.22646551530938114 1
0.259631930584037 1
0.2953704126002379 1
0.3387222319519534 1
0.3853566602690518 3
0.33965059283779325 0
0.30568553355401396 0
0.047899954856476655 1
0.054444782713449796 1
0.06189356392144062 3
0.05444396476425907 0
0.0478908665321352 0
0.02217530105441899 2
0.019506255769851148 0
0.017158465730797358 0
0.008209619935093294 3
0.005879059954872855 2
0.004664453493829864 2
0.0002080570096533467 2
0.0002853786281062346 2
0.0003670331247459107 2
0.0017776894246327205 3
0.0010670573754690605 3
0.03134830122351447 2
0.264485779238134 3
0.1996050787819355 2
0.4418644753611116 3
0.04221867620647018 2
0.07130116362397794 3
0.015093317302421399 2
0.009121799927881438 3
0.005171449231665692 2
0.00018725130868801201 2
0.0002510143377574678 2
0.0003228569855776107 2
0.0012300210799942918 3
0.001604473381770127 3
0.0020223917870672648 3
0.0017789744430054609 0
0.0015648566164552925 0
0.0013765257513429904 0
0.0012110210223800378 0
0.012741849364212514 1
0.014157610404680571 1
0.016062770323335116 1
0.018417357528249852 1
0.02095272617178974 1
0.02402799337209076 1
0.027336108662505777 2
0.18299087734436842 1
0.20332319704929824 1
0.2306839729485248 1
0.2644882268980357 1
0.300897122632924 1
0.3466553230671695 1
0.39453652102494613 1
0.4485648666035813 1
0.5099463947053533 1
0.5846983555244246 1
0.6651891111122752 3
0.17964457090374197 2
0.6590222926487697 3
0.5790505432607141 0
0.5026942912801197 0
0.44307113812502386 0
0.3987640243125215 0
0.03799680858582316 2
0.08114906527289911 3
0.07138147853389501 0
0.06278595180940816 0
0.02926936299529176 3
0.01327733400528375 2
0.011686077670249062 0
0.010349301399658076 0
0.0045490074246519905 2
0.004001483855586448 0
0.0035198649068703975 0
0.00022064054434908623 2
0.00028400171703803337 2
0.0013666900888825463 3
0.0017827482019668077 3
0.00231922045513971 3
0.01412958045032323 2
0.01843083149773258 2
0.024045901763984086 2
0.20306273575165065 2
0.2644882268980357 2
0.44946309000145396 2
0.756254640882811 3
0.7492688194509943 3
0.44218940175104826 2
0.09306167531208555 3
0.055188379966146645 2
0.03252151443921306 3
0.01144754701984865 3
0.0030962553760597133 2
0.00014892519589213834 1
0.00016927364452012822 1
0.0001924325640615256 2
0.00024986176355743016 2
0.0015506027057815557 1
0.0017778998411278363 1
0.0020226488859351804 1
0.0023192435940378223 1
0.0026385249312390817 3
0.003529488607185554 3
0.004605139763654619 1
0.005116821959616243 1
0.00580538195171275 3
0.01243040542690872 2
0.016212481095365418 2
0.021151708303937807 2
0.14286247342012962 1
0.1587360815779218 1
0.18009686292606186 1
0.20306273575165065 1
0.2306839729485248 2
0.31308110284355745 3
0.40451678100130856 2
0.8597378035588965 1
0.9773764023203007 1
0.0 -1
0.9766618681236228 0
0.8517985347069197 0
0.38896695349057037 2
0.18018081300135824 3
0.1583760049691808 0
0.13810607153422902 0
0.1213946134357838 0
0.10587439436731436 0
0.04813065556140043 2
0.04230663897913844 0
0.036897866382267656 0
0.01736006115750889 3
0.012982851720838792 3
0.0021608649533264397 1
0.0024009610592515994 1
0.0027240533499410116 2
0.0001312615981203831 2
0.0001696086799671771 2
0.00022022636396247926 2
0.00136399040614818 2
0.0030259193439595255 3
0.003921654007983949 3
0.006598602438700356 3
0.01094939180163227 2
0.014261195357800314 2
0.018605865279007754 2
0.20332319704929824 2
0.34786789204839713 3
0.9766619086662208 2
0.75076914005724 2
0.34215042302468057 2
0.20484811426436045 3
0.12148518086868225 2
0.09338158947796442 2
0.04242201415096229 2
0.03245661853644818 2
0.019288956841676544 3
0.014756262332163471 3
0.0001181354383083448 2
0.00015264781197045938 2
0.00019820372756623134 2
0.0012000246051679989 2
0.0010576930687552547 0
0.0009519237618797293 0
0.0034425334569728495 1
0.003913828044464805 1
0.00444938275720648 1
0.005101607479563532 1
0.005803904977055492 1
0.006598469510981203 1
0.0075013803247484055 1
0.00860199488175322 1
0.009786260064846744 1
0.011042534440825147 1
0.012545396339492518 2
0.01636646169797921 2
0.014396786910921458 0
0.01266614372842551 0
0.01116384811754588 0
0.010047463305791293 0
0.18299087734436842 2
0.3946797441882432 1
0.448606955436898 1
0.5099824425431556 1
0.5797627364862158 1
0.6590917489596689 1
0.7492754354023573 1
0.851798985180231 2
0.7507695049406221 0
0.6756925216070556 0
0.30096878552576173 2
0.2647438097307824 0
0.23287881616572617 0
0.10688069917729717 2
0.0941966963740505 0
0.0847036671159977 0
0.03817981273586606 2
0.02854829740901524 2
0.025093737716580203 0
0.021884631280865114 0
0.019236307523866073 0
0.016775068737392568 0
0.014756218814120358 0
0.01298236818702642 0
0.011442566084321436 0
0.010298309475889294 0
iterations 144
